SRR12145906_contig: [99.1, 98.9, 0.2, 0.0, 0.9, 440.0]
SRR12145899_contig: [99.1, 98.9, 0.2, 0.0, 0.9, 440.0]
SRR12145900_contig: [98.8, 98.6, 0.2, 0.0, 1.2, 440.0]
SRR12144670_contig: [99.5, 99.3, 0.2, 0.0, 0.5, 440.0]
SRR12144671_contig: [99.3, 99.1, 0.2, 0.0, 0.7, 440.0]
SRR12144672_contig: [98.6, 98.4, 0.2, 0.2, 1.2, 440.0]
SRR12145896_contig: [99.1, 98.6, 0.5, 0.0, 0.9, 440.0]
SRR12145902_contig: [99.1, 98.9, 0.2, 0.0, 0.9, 440.0]
SRR12145525_contig: [99.1, 98.9, 0.2, 0.0, 0.9, 440.0]
SRR12145523_contig: [99.1, 98.9, 0.2, 0.0, 0.9, 440.0]
SRR12145903_contig: [99.1, 98.9, 0.2, 0.0, 0.9, 440.0]
SRR12145524_contig: [99.1, 98.9, 0.2, 0.0, 0.9, 440.0]
SRR12145777_contig: [99.3, 99.1, 0.2, 0.0, 0.7, 440.0]
SRR12145901_contig: [99.4, 98.9, 0.5, 0.0, 0.6, 440.0]
SRR12144673_contig: [99.3, 99.1, 0.2, 0.0, 0.7, 440.0]
SRR12145905_contig: [99.1, 98.9, 0.2, 0.0, 0.9, 440.0]
SRR12145907_contig: [99.1, 98.9, 0.2, 0.0, 0.9, 440.0]
SRR12144674_contig: [99.6, 99.1, 0.5, 0.0, 0.4, 440.0]
SRR12145781_contig: [99.1, 98.6, 0.5, 0.0, 0.9, 440.0]
SRR12145779_contig: [99.1, 96.1, 3.0, 0.0, 0.9, 440.0]
SRR12145778_contig: [99.1, 98.6, 0.5, 0.0, 0.9, 440.0]
SRR12144668_contig: [99.1, 98.9, 0.2, 0.0, 0.9, 440.0]
SRR12144675_contig: [99.5, 99.3, 0.2, 0.0, 0.5, 440.0]
SRR12145898_contig: [99.5, 99.3, 0.2, 0.0, 0.5, 440.0]
SRR12145897_contig: [99.4, 98.9, 0.5, 0.0, 0.6, 440.0]
SRR12144669_contig: [99.1, 98.6, 0.5, 0.0, 0.9, 440.0]
SRR12145782_contig: [99.1, 98.9, 0.2, 0.0, 0.9, 440.0]
SRR12145780_contig: [98.8, 98.6, 0.2, 0.0, 1.2, 440.0]
SRR12145904_contig: [98.2, 97.7, 0.5, 0.7, 1.1, 440.0]
